image: submap_0.pgm
resolution: 0.025000
origin: [-12.789303, -11.194366, 0.000000]
negate: 0
occupied_thresh: 0.65
free_thresh: 0.196

